uvPair,elevation change
"(1974692630, 1974692624)",-0.5794236400849193
"(1974692624, 1974692630)",0.5794236400849193
"(1974692624, 597466139)",-0.10386780780024177
"(597466139, 1974692624)",0.10386780780024177
"(597466139, 597473528)",1.891146903247695
"(597473528, 597466139)",-1.891146903247695
"(597473528, 597473434)",-0.2662527261413499
"(597473434, 597473528)",0.2662527261413499
"(597473312, 597473257)",0.1745063379273806
"(597473257, 597473312)",-0.1745063379273806
"(597473257, 270877519)",-2.991999569724273
"(270877519, 597473257)",2.991999569724273
"(270877519, 287787193)",-3.2819726381905485
"(287787193, 270877519)",3.2819726381905485
"(287787193, 287785274)",-1.495738536438334
"(287785274, 287787193)",1.495738536438334
"(287785274, 287785212)",-0.09226888506158176
"(287785212, 287785274)",0.09226888506158176
"(287785212, 497451976)",1.079222311542135
"(497451976, 287785212)",-1.079222311542135
"(497451976, 497451991)",1.1140190797580956
"(497451991, 497451976)",-1.1140190797580956
"(497451991, 540521037)",-1.4957385364383269
"(540521037, 497451991)",1.4957385364383269
"(540520700, 540520696)",-0.9273913222444422
"(540520696, 540520700)",0.9273913222444422
"(540520696, 540520873)",1.7403609076452342
"(540520873, 540520696)",-1.7403609076452342
"(540520873, 188462109)",1.4619867619176152
"(188462109, 540520873)",-1.4619867619176152
"(188462109, 1888749480)",0.03531926506357271
"(1888749480, 188462109)",-0.03531926506357271
"(1888749480, 188514120)",2.0187350533728496
"(188514120, 1888749480)",-2.0187350533728496
"(188514120, 188393789)",1.763558753122541
"(188393789, 188514120)",-1.763558753122541
"(188393789, 188393731)",0.12811064697277358
"(188393731, 188393789)",-0.12811064697277358
"(188393789, 188393683)",-0.8114020948579346
"(188393683, 188393789)",0.8114020948579346
"(188393683, 188435381)",1.6475695257360268
"(188435381, 188393683)",-1.6475695257360268
"(188435381, 188435365)",0.4644794063936497
"(188435365, 188435381)",-0.4644794063936497
"(188435365, 188403779)",0.09331387875682652
"(188403779, 188435365)",-0.09331387875682652
"(188403779, 188403802)",1.7867565985998417
"(188403802, 188403779)",-1.7867565985998417
"(188403802, 188397837)",0.2093031061433276
"(188397837, 188403802)",-0.2093031061433276
"(188397837, 188487763)",-0.5562257946076125
"(188487763, 188397837)",0.5562257946076125
"(188487763, 759800415)",2.273911353623166
"(759800415, 188487763)",-2.273911353623166
"(759800415, 759800398)",-0.5562257946076191
"(759800398, 759800415)",0.5562257946076191
"(759800398, 759800482)",-0.6606160992554732
"(759800482, 759800398)",0.6606160992554732
"(759800482, 759800431)",-0.034274271368334525
"(759800431, 759800482)",0.034274271368334525
"(759800431, 6900818702)",0.04691818780222612
"(6900818702, 759800431)",-0.04691818780222612
"(6900818702, 6900272654)",0.25569879709793464
"(6900272654, 6900818702)",-0.25569879709793464
"(6900818703, 6900818779)",-0.4518354899597581
"(6900818779, 6900818703)",0.4518354899597581
"(6900818779, 6900818929)",-0.3126484170959568
"(6900818929, 6900818779)",0.3126484170959568
"(6900818929, 6900818883)",-0.06907103958428155
"(6900818883, 6900818929)",0.06907103958428155
"(6900818883, 6900272680)",0.1745063379273806
"(6900272680, 6900818883)",-0.1745063379273806
"(6900272680, 188553288)",0.48767725187095
"(188553288, 6900272680)",-0.48767725187095
"(188553288, 633565611)",2.1695210489753114
"(633565611, 188553288)",-2.1695210489753114
"(633565611, 188402023)",-1.7161180684726955
"(188402023, 633565611)",1.7161180684726955
"(188402023, 188457776)",-1.6233266865634879
"(188457776, 188402023)",1.6233266865634879
"(188457776, 188429431)",-0.985385935937696
"(188429431, 188457776)",0.985385935937696
"(188429431, 187903447)",-2.4004545100530876
"(187903447, 188429431)",2.4004545100530876
"(188553428, 540970518)",-1.9712943687230111
"(540970518, 188553428)",1.9712943687230111
"(540970518, 1938252076)",1.172013693451346
"(1938252076, 540970518)",-1.172013693451346
"(1938252076, 186725090)",-0.4518354899597614
"(186725090, 1938252076)",0.4518354899597614
"(186725090, 186714704)",-1.275359004403965
"(186714704, 186725090)",1.275359004403965
"(186714704, 186723431)",-2.330860973621184
"(186723431, 186714704)",2.330860973621184
"(186723431, 186723048)",1.577975989304123
"(186723048, 186723431)",-1.577975989304123
"(186723048, 186716120)",1.172013693451346
"(186716120, 186723048)",-1.172013693451346
"(186716120, 186716135)",2.8886542587716613
"(186716135, 186716120)",-2.8886542587716613
"(186716135, 549385804)",1.4039921482243651
"(549385804, 186716135)",-1.4039921482243651
"(549385804, 322939815)",2.262312430884519
"(322939815, 549385804)",-2.262312430884519
"(322939815, 1668146125)",1.0676233888034885
"(1668146125, 322939815)",-1.0676233888034885
"(1668146125, 1668146122)",0.023720342324919312
"(1668146122, 1668146125)",-0.023720342324919312
"(1668146122, 322941640)",-2.2844652826665803
"(322941640, 1668146122)",2.2844652826665803
"(322941640, 322942094)",-0.25465380340269644
"(322942094, 322941640)",0.25465380340269644
"(322942094, 322942345)",-0.3706430307892106
"(322942345, 322942094)",0.3706430307892106
"(322942345, 322943455)",0.023720342324925904
"(322943455, 322942345)",-0.023720342324925904
"(322943455, 1668146104)",-0.8345999403352414
"(1668146104, 322943455)",0.8345999403352414
"(1668146104, 322949517)",0.88204062498508
"(322949517, 1668146104)",-0.88204062498508
"(322949517, 322950190)",-0.6838139447327736
"(322950190, 322949517)",0.6838139447327736
"(322957723, 322958875)",2.2855102763618187
"(322958875, 322957723)",-2.2855102763618187
"(322958875, 413273404)",-0.718610712948727
"(413273404, 322958875)",0.718610712948727
"(413273404, 413273402)",-0.21985703518674285
"(413273402, 413273404)",0.21985703518674285
"(413273402, 413273403)",0.09331387875682652
"(413273403, 413273402)",-0.09331387875682652
"(413273403, 247887214)",0.4760783291322965
"(247887214, 413273403)",-0.4760783291322965
"(247887214, 413272575)",0.0005224968476190945
"(413272575, 247887214)",-0.0005224968476190945
"(413272575, 413271823)",0.1629074151887338
"(413271823, 413272575)",-0.1629074151887338
"(413271823, 413251367)",0.2093031061433276
"(413251367, 413271823)",-0.2093031061433276
"(413251367, 33320018)",-0.11546673053888858
"(33320018, 413251367)",0.11546673053888858
"(33320018, 33549842)",0.12811064697278016
"(33549842, 33320018)",-0.12811064697278016
"(33549842, 415169175)",0.13970956971142698
"(415169175, 33549842)",-0.13970956971142698
"(415169175, 33361036)",0.12811064697278016
"(33361036, 415169175)",-0.12811064697278016
"(415169174, 512315282)",-0.4054397990051577
"(512315282, 415169174)",0.4054397990051577
"(512315282, 415168784)",-0.034274271368334525
"(415168784, 512315282)",0.034274271368334525
"(415168784, 415168786)",0.29049556531388826
"(415168786, 415168784)",-0.29049556531388826
"(33313718, 33750529)",-0.1734613442321424
"(33750529, 33313718)",0.1734613442321424
"(33750529, 34634773)",-0.3242473398346037
"(34634773, 33750529)",0.3242473398346037
"(34634773, 512438284)",-1.031781626892296
"(512438284, 34634773)",1.031781626892296
"(512438284, 503626094)",-0.3474451853119039
"(503626094, 512438284)",0.3474451853119039
"(503626094, 503629309)",0.8820406249850733
"(503629309, 503626094)",-0.8820406249850733
"(503629309, 503628607)",-0.509830103653012
"(503628607, 503629309)",0.509830103653012
"(503628607, 415167888)",1.021227697848888
"(415167888, 503628607)",-1.021227697848888
"(415167888, 2016984421)",0.777650320337219
"(2016984421, 415167888)",-0.777650320337219
"(2016984421, 415167907)",-1.0897762405855569
"(415167907, 2016984421)",1.0897762405855569
"(415167907, 33313247)",-0.06907103958428155
"(33313247, 415167907)",0.06907103958428155
"(33313247, 6788465524)",-0.1850602669707958
"(6788465524, 33313247)",0.1850602669707958
"(6788465524, 415167400)",0.7660513975985723
"(415167400, 6788465524)",-0.7660513975985723
"(415167400, 1696968667)",0.22090202888198104
"(1696968667, 415167400)",-0.22090202888198104
"(1696968667, 2015677691)",0.8008481658145259
"(2015677691, 1696968667)",-0.8008481658145259
"(2015677691, 470825756)",-0.3590441080505573
"(470825756, 2015677691)",0.3590441080505573
"(470825756, 470838251)",-0.9273913222444422
"(470838251, 470825756)",0.9273913222444422
"(470838251, 470838668)",0.5340729428255571
"(470838668, 470838251)",-0.5340729428255571
"(470838668, 34497967)",-0.4286376444824645
"(34497967, 470838668)",0.4286376444824645
"(34497967, 4210557790)",-0.7998031721192812
"(4210557790, 34497967)",0.7998031721192812
"(34653054, 33744485)",-0.2430548806640496
"(33744485, 34653054)",0.2430548806640496
"(33744485, 33319857)",-1.7045191457340425
"(33319857, 33744485)",1.7045191457340425
"(33319857, 465534614)",-1.1825676224947577
"(465534614, 33319857)",1.1825676224947577
"(465534614, 188045381)",1.6011738347814262
"(188045381, 465534614)",-1.6011738347814262
"(188045381, 470847865)",0.04691818780221954
"(470847865, 188045381)",-0.04691818780221954
"(470847865, 188062765)",-0.30104949435730016
"(188062765, 470847865)",0.30104949435730016
"(188062765, 469362905)",0.23250095162063444
"(469362905, 188062765)",-0.23250095162063444
"(469362905, 469329044)",-0.4634344126984116
"(469329044, 469362905)",0.4634344126984116
"(469329044, 469329045)",0.32529233352984194
"(469329045, 469329044)",-0.32529233352984194
"(469329045, 469457816)",-0.11546673053888858
"(469457816, 469329045)",0.11546673053888858
"(469355248, 469457278)",1.4387889164403147
"(469457278, 469355248)",-1.4387889164403147
"(33312795, 33323569)",-0.20825811244809606
"(33323569, 33312795)",0.20825811244809606
"(33323569, 6959987709)",0.6152654019961111
"(6959987709, 33323569)",-0.6152654019961111
"(6959987709, 33369742)",-0.3706430307892041
"(33369742, 6959987709)",0.3706430307892041
"(33369742, 248977034)",0.04691818780221954
"(248977034, 33369742)",-0.04691818780221954
"(248977034, 6959987731)",0.04691818780222612
"(6959987731, 248977034)",-0.04691818780222612
"(6959987731, 6959987739)",0.6848589384280116
"(6959987739, 6959987731)",-0.6848589384280116
"(6959987739, 1241108860)",-0.5446268718689655
"(1241108860, 6959987739)",0.5446268718689655
"(1241108822, 2122816790)",1.0908212342807884
"(2122816790, 1241108822)",-1.0908212342807884
"(2122816790, 1102360583)",0.8124470885531727
"(1102360583, 2122816790)",-0.8124470885531727
"(1102360583, 187846319)",-1.4261450000064195
"(187846319, 1102360583)",1.4261450000064195
"(187846319, 187926678)",-1.1941665452334111
"(187926678, 187846319)",1.1941665452334111
"(187926678, 187853123)",-0.33584626257325706
"(187853123, 187926678)",0.33584626257325706
"(187853123, 187853159)",-0.7882042493806278
"(187853159, 187853123)",0.7882042493806278
"(187853159, 1674835608)",1.3807943027470573
"(1674835608, 187853159)",-1.3807943027470573
"(1674835608, 187849407)",-0.2894505716186501
"(187849407, 1674835608)",0.2894505716186501
"(187846887, 33363038)",-3.32836832914515
"(33363038, 187846887)",3.32836832914515
"(33363038, 375477545)",-0.04587319410698463
"(375477545, 33363038)",0.04587319410698463
"(375477545, 6960167568)",2.42469734922563
"(6960167568, 375477545)",-2.42469734922563
"(6960167568, 34504451)",0.15130849245008038
"(34504451, 6960167568)",-0.15130849245008038
"(34504451, 33826567)",-2.16847605528008
"(33826567, 34504451)",2.16847605528008
"(33826567, 33308886)",-0.718610712948727
"(33308886, 33826567)",0.718610712948727
"(33368752, 34500055)",0.5340729428255571
"(34500055, 33368752)",-0.5340729428255571
"(34500055, 33362845)",0.8472438567691264
"(33362845, 34500055)",-0.8472438567691264
"(33362845, 34655266)",0.26729771983658146
"(34655266, 33362845)",-0.26729771983658146
"(187849834, 598269571)",1.3807943027470646
"(598269571, 187849834)",-1.3807943027470646
"(598269571, 598045680)",-1.2057654679720575
"(598045680, 598269571)",1.2057654679720575
"(598045680, 598037615)",-0.4634344126984116
"(598037615, 598045680)",0.4634344126984116
"(598037615, 598037808)",0.2093031061433342
"(598037808, 598037615)",-0.2093031061433342
"(598037808, 596664549)",-0.6606160992554732
"(596664549, 598037808)",0.6606160992554732
"(596664549, 596664559)",0.3136934107911885
"(596664559, 596664549)",-0.3136934107911885
"(596664559, 595906980)",0.4644794063936497
"(595906980, 596664559)",-0.4644794063936497
"(595906980, 595898782)",0.2788966425752415
"(595898782, 595906980)",-0.2788966425752415
"(595898782, 595955534)",-1.1941665452334111
"(595955534, 595898782)",1.1941665452334111
"(595955534, 595839400)",0.4760783291323033
"(595839400, 595955534)",-0.4760783291323033
"(595839400, 6928916280)",0.6384632474734112
"(6928916280, 595839400)",-0.6384632474734112
"(6928916280, 595819785)",0.10491280149547336
"(595819785, 6928916280)",-0.10491280149547336
"(595819785, 595434003)",0.186105260666034
"(595434003, 595819785)",-0.186105260666034
"(595434003, 476525218)",0.13970956971142698
"(476525218, 595434003)",-0.13970956971142698
"(476525218, 581256374)",-0.8809956312898352
"(581256374, 476525218)",0.8809956312898352
"(581256374, 581256391)",0.04691818780221954
"(581256391, 581256374)",-0.04691818780221954
"(581256391, 581256415)",0.8124470885531727
"(581256415, 581256391)",-0.8124470885531727
"(581256415, 581228832)",-0.4866322581757118
"(581228832, 581256415)",0.4866322581757118
"(581228832, 580342529)",0.2093031061433342
"(580342529, 581228832)",-0.2093031061433342
"(580342529, 580342413)",1.0096287751102346
"(580342413, 580342529)",-1.0096287751102346
"(580342413, 557604268)",-1.9480965232457104
"(557604268, 580342413)",1.9480965232457104
"(557604268, 558553241)",2.2043178171912654
"(558553241, 557604268)",-2.2043178171912654
"(558553241, 34537590)",0.29049556531388826
"(34537590, 558553241)",-0.29049556531388826
"(34537590, 34165573)",-0.5330279491303189
"(34165573, 34537590)",0.5330279491303189
"(34165573, 565204609)",0.8240460112918194
"(565204609, 34165573)",-0.8240460112918194
"(565204609, 565204583)",-0.06907103958428155
"(565204583, 565204609)",0.06907103958428155
"(565204583, 565204595)",0.6964578611666651
"(565204595, 565204583)",-0.6964578611666651
"(565204595, 536282881)",-0.7766053266419876
"(536282881, 565204595)",0.7766053266419876
"(243951615, 536282319)",0.0005224968476190945
"(536282319, 243951615)",-0.0005224968476190945
"(536806460, 536806628)",0.1629074151887338
"(536806628, 536806460)",-0.1629074151887338
"(536806628, 491863221)",0.15130849245008038
"(491863221, 536806628)",-0.15130849245008038
"(491863221, 491862862)",1.2068104616672959
"(491862862, 491863221)",-1.2068104616672959
"(491862862, 491862864)",0.10491280149547336
"(491862864, 491862862)",-0.10491280149547336
"(491862864, 491862879)",-0.2662527261413499
"(491862879, 491862864)",0.2662527261413499
"(491862879, 536824768)",0.05851711054087293
"(536824768, 491862879)",-0.05851711054087293
"(536824768, 536796368)",-0.24305488066404304
"(536796368, 536824768)",0.24305488066404304
"(536796368, 499604670)",-0.33584626257325045
"(499604670, 536796368)",0.33584626257325045
"(499604670, 499589346)",0.48767725187095
"(499589346, 499604670)",-0.48767725187095
"(499589346, 500863965)",1.5547781438268191
"(500863965, 499589346)",-1.5547781438268191
"(500863965, 500863995)",0.5920675565188109
"(500863995, 500863965)",-0.5920675565188109
"(500863995, 499685762)",-0.4054397990051577
"(499685762, 500863995)",0.4054397990051577
"(499685762, 499589372)",-2.0524868278935653
"(499589372, 499685762)",2.0524868278935653
"(499589372, 499685858)",-0.4402365672211113
"(499685858, 499589372)",0.4402365672211113
"(499685858, 499589375)",0.0005224968476190945
"(499589375, 499685858)",-0.0005224968476190945
"(499589375, 499620201)",0.22090202888198104
"(499620201, 499589375)",-0.22090202888198104
"(499620201, 499589381)",-0.04587319410698134
"(499589381, 499620201)",0.04587319410698134
"(499589381, 500870097)",-0.5214290263916654
"(500870097, 499589381)",0.5214290263916654
"(500870097, 500870137)",-0.2894505716186501
"(500870137, 500870097)",0.2894505716186501
"(500870137, 692629569)",-1.031781626892296
"(692629569, 500870137)",1.031781626892296
"(692629569, 500870547)",0.673260015689365
"(500870547, 692629569)",-0.673260015689365
"(500870547, 7017275066)",0.3600891017457955
"(7017275066, 500870547)",-0.3600891017457955
"(7017275066, 692629567)",0.7428535521212655
"(692629567, 7017275066)",-0.7428535521212655
"(692629567, 34525814)",-1.4493428454837267
"(34525814, 692629567)",1.4493428454837267
"(34525814, 34514652)",0.03531926506357271
"(34514652, 34525814)",-0.03531926506357271
"(34514652, 34159961)",0.8124470885531727
"(34159961, 34514652)",-0.8124470885531727
"(34159961, 34160144)",1.1836126161899958
"(34160144, 34159961)",-1.1836126161899958
"(34160144, 33852807)",-1.0201827041536495
"(33852807, 34160144)",1.0201827041536495
"(33852807, 34159832)",1.4271899937016648
"(34159832, 33852807)",-1.4271899937016648
"(34159832, 34160103)",-0.509830103653012
"(34160103, 34159832)",0.509830103653012
"(34161665, 34198932)",-2.59763619661015
"(34198932, 34161665)",2.59763619661015
"(34198932, 34160103)",0.5224740200869036
"(34160103, 34198932)",-0.5224740200869036
"(692629567, 692629572)",-0.127065653277542
"(692629572, 692629567)",0.127065653277542
"(692629572, 692629573)",2.262312430884519
"(692629573, 692629572)",-2.262312430884519
"(692629570, 692629568)",-0.11546673053888858
"(692629568, 692629570)",0.11546673053888858
"(692629568, 500870149)",-1.06657839510825
"(500870149, 692629568)",1.06657839510825
"(500870452, 500870454)",-0.4518354899597581
"(500870454, 500870452)",0.4518354899597581
"(500870454, 500870342)",-1.878502986813804
"(500870342, 500870454)",1.878502986813804
"(500870342, 500873165)",0.3136934107911885
"(500873165, 500870342)",-0.3136934107911885
"(500873165, 500870544)",-0.6606160992554732
"(500870544, 500873165)",0.6606160992554732
"(500870544, 499589431)",2.146323203498011
"(499589431, 500870544)",-2.146323203498011
"(499589431, 499620219)",-0.6606160992554799
"(499620219, 499589431)",0.6606160992554799
"(499620219, 499589438)",0.7776503203372257
"(499589438, 499620219)",-0.7776503203372257
"(499589438, 499685720)",0.3020944880525351
"(499685720, 499589438)",-0.3020944880525351
"(499685720, 499685414)",-0.11546673053888858
"(499685414, 499685720)",0.11546673053888858
"(499685414, 499685585)",-0.4866322581757118
"(499685585, 499685414)",0.4866322581757118
"(499685585, 499589448)",-0.3938408762665043
"(499589448, 499685585)",0.3938408762665043
"(499589448, 499589452)",0.22090202888198104
"(499589452, 499589448)",-0.22090202888198104
"(499589452, 499589456)",2.6102801130440416
"(499589456, 499589452)",-2.6102801130440416
"(499589456, 499604657)",0.19770418340468746
"(499604657, 499589456)",-0.19770418340468746
"(499604657, 536796456)",-2.3076631281438806
"(536796456, 499604657)",2.3076631281438806
"(536796456, 491863373)",0.3136934107911885
"(491863373, 536796456)",-0.3136934107911885
"(491863373, 491862909)",-0.03427427136832793
"(491862909, 491863373)",0.03427427136832793
"(491862909, 491862859)",-0.19665918970944266
"(491862859, 491862909)",0.19665918970944266
"(491862859, 491862842)",0.15130849245008038
"(491862842, 491862859)",-0.15130849245008038
"(491862842, 491862848)",-0.7766053266419809
"(491862848, 491862842)",0.7766053266419809
"(536806631, 536282198)",-0.5678247173462725
"(536282198, 536806631)",0.5678247173462725
"(536282198, 1989557226)",1.0676233888034885
"(1989557226, 536282198)",-1.0676233888034885
"(1989557226, 536282196)",-0.1850602669707958
"(536282196, 1989557226)",0.1850602669707958
"(536282196, 5617753260)",-0.5562257946076191
"(5617753260, 536282196)",0.5562257946076191
"(5617753260, 33840983)",2.227515662668572
"(33840983, 5617753260)",-2.227515662668572
"(33840983, 497393551)",-2.3540588190984884
"(497393551, 33840983)",2.3540588190984884
"(497393551, 33360318)",0.1977041834046808
"(33360318, 497393551)",-0.1977041834046808
"(33360318, 33386812)",2.6102801130440416
"(33386812, 33360318)",-2.6102801130440416
"(33386812, 34194082)",0.13970956971143358
"(34194082, 33386812)",-0.13970956971143358
"(34194082, 243950616)",-0.6258193310395196
"(243950616, 34194082)",0.6258193310395196
"(243950616, 532748207)",-2.6440318875647564
"(532748207, 243950616)",2.6440318875647564
"(532748207, 532748116)",-1.8089094503819036
"(532748116, 532748207)",1.8089094503819036
"(532748116, 529782446)",2.07672966706611
"(529782446, 532748116)",-2.07672966706611
"(529782446, 245449949)",0.9980298523715811
"(245449949, 529782446)",-0.9980298523715811
"(245449949, 538094666)",0.8936395477237332
"(538094666, 245449949)",-0.8936395477237332
"(538094666, 538094687)",-0.20825811244809606
"(538094687, 538094666)",0.20825811244809606
"(538094687, 33347711)",-1.1245730088015038
"(33347711, 538094687)",1.1245730088015038
"(33347711, 34569515)",-2.539641582916896
"(34569515, 33347711)",2.539641582916896
"(34569515, 34545737)",0.7080567839053185
"(34545737, 34569515)",-0.7080567839053185
"(34545737, 33368310)",0.6964578611666651
"(33368310, 34545737)",-0.6964578611666651
"(33368310, 34638352)",0.23250095162063444
"(34638352, 33368310)",-0.23250095162063444
"(34638352, 470814180)",0.6268643247347577
"(470814180, 34638352)",-0.6268643247347577
"(470814180, 33373801)",0.07011603327952633
"(33373801, 470814180)",-0.07011603327952633
"(33373801, 470820638)",-1.0433805496309498
"(470820638, 33373801)",1.0433805496309498
"(470820638, 33640842)",0.5108750973482501
"(33640842, 470820638)",-0.5108750973482501
"(33640842, 246759348)",0.023720342324919312
"(246759348, 33640842)",-0.023720342324919312
"(246759348, 2015677691)",-0.4402365672211113
"(2015677691, 246759348)",0.4402365672211113
"(4210557790, 34653054)",-0.3822419535278576
"(34653054, 4210557790)",0.3822419535278576
"(8146751361, 188063559)",0.9284363159396803
"(188063559, 8146751361)",-0.9284363159396803
"(188058735, 469329045)",-0.5678247173462692
"(469329045, 188058735)",0.5678247173462692
"(469457816, 539723214)",0.44128156091634624
"(539723214, 469457816)",-0.44128156091634624
"(539723214, 469362904)",-0.08066996232293495
"(469362904, 539723214)",0.08066996232293495
"(469362904, 469457243)",0.046918187802222816
"(469457243, 469362904)",-0.046918187802222816
"(469457278, 469355254)",1.0328266205875345
"(469355254, 469457278)",-1.0328266205875345
"(469355254, 465510908)",-2.5628394283941964
"(465510908, 469355254)",2.5628394283941964
"(465510908, 465510917)",0.22090202888198104
"(465510917, 465510908)",-0.22090202888198104
"(465510917, 465534733)",0.186105260666034
"(465534733, 465510917)",-0.186105260666034
"(465534733, 465524533)",1.821553366815788
"(465524533, 465534733)",-1.821553366815788
"(465524533, 465524573)",-2.4932458919622955
"(465524573, 465524533)",2.4932458919622955
"(465524573, 470843295)",0.25569879709793464
"(470843295, 465524573)",-0.25569879709793464
"(470843295, 4210557791)",0.3716880244844457
"(4210557791, 470843295)",-0.3716880244844457
"(4210557791, 470832483)",-0.4054397990051577
"(470832483, 4210557791)",0.4054397990051577
"(470832483, 470832495)",1.949141516940946
"(470832495, 470832483)",-1.949141516940946
"(470832495, 470836127)",0.5108750973482568
"(470836127, 470832495)",-0.5108750973482568
"(470836127, 470825443)",2.4478951947029275
"(470825443, 470836127)",-2.4478951947029275
"(470825443, 470821576)",-0.2662527261413499
"(470821576, 470825443)",0.2662527261413499
"(470821576, 470821063)",-0.8577977858125351
"(470821063, 470821576)",0.8577977858125351
"(470821063, 470820890)",-0.08066996232293495
"(470820890, 470821063)",0.08066996232293495
"(470820890, 470820644)",0.5108750973482501
"(470820644, 470820890)",-0.5108750973482501
"(470820644, 470816967)",0.4180837154390494
"(470816967, 470820644)",-0.4180837154390494
"(470816967, 499250410)",-0.6026214855622194
"(499250410, 470816967)",0.6026214855622194
"(499250410, 499249068)",0.4180837154390428
"(499249068, 499250410)",-0.4180837154390428
"(499249068, 499299272)",-0.08066996232293495
"(499299272, 499249068)",0.08066996232293495
"(499299272, 499249202)",-0.1734613442321424
"(499249202, 499299272)",0.1734613442321424
"(499249202, 499298775)",0.11651172423412676
"(499298775, 499249202)",-0.11651172423412676
"(499298775, 33817534)",1.8795479805090425
"(33817534, 499298775)",-1.8795479805090425
"(33817534, 34564512)",-1.06657839510825
"(34564512, 33817534)",1.06657839510825
"(34564512, 486973275)",-1.9248986777684112
"(486973275, 34564512)",1.9248986777684112
"(486973275, 700682566)",-0.5794236400849193
"(700682566, 486973275)",0.5794236400849193
"(700682566, 34198801)",0.0005224968476190945
"(34198801, 700682566)",-0.0005224968476190945
"(34198801, 486972562)",0.2209020288819876
"(486972562, 34198801)",-0.2209020288819876
"(486972562, 712754407)",2.0999275125434043
"(712754407, 486972562)",-2.0999275125434043
"(712754407, 503557884)",2.7610661086465025
"(503557884, 712754407)",-2.7610661086465025
"(503557884, 563387807)",-0.7302096356873806
"(563387807, 503557884)",0.7302096356873806
"(563387807, 33331299)",-0.9273913222444422
"(33331299, 563387807)",0.9273913222444422
"(33331299, 33330710)",-2.098882518848166
"(33330710, 33331299)",2.098882518848166
"(33330710, 33358579)",0.1745063379273806
"(33358579, 33330710)",-0.1745063379273806
"(33358579, 33328305)",-0.2430548806640496
"(33328305, 33358579)",0.2430548806640496
"(33328305, 1001589056)",1.867949057770396
"(1001589056, 33328305)",-1.867949057770396
"(1001589056, 1001589129)",-1.1245730088015038
"(1001589129, 1001589056)",1.1245730088015038
"(1001589129, 1001589121)",-0.21985703518674946
"(1001589121, 1001589129)",0.21985703518674946
"(1001589121, 1001588905)",0.673260015689365
"(1001588905, 1001589121)",-0.673260015689365
"(1001588905, 1001589064)",-2.2960642054052336
"(1001589064, 1001588905)",2.2960642054052336
"(1001589064, 1001588899)",-0.06907103958428155
"(1001588899, 1001589064)",0.06907103958428155
"(1001588899, 770741794)",0.25569879709793464
"(770741794, 1001588899)",-0.25569879709793464
"(770741794, 770741804)",1.4851846073949186
"(770741804, 770741794)",-1.4851846073949186
"(770741804, 770726752)",-0.6374182537781731
"(770726752, 770741804)",0.6374182537781731
"(770726752, 770700036)",-0.15026349875484218
"(770700036, 770726752)",0.15026349875484218
"(770700036, 1685304168)",-2.1452782098027727
"(1685304168, 770700036)",2.1452782098027727
"(1685304168, 770699786)",0.0005224968476190945
"(770699786, 1685304168)",-0.0005224968476190945
"(770699786, 6878210859)",1.4619867619176117
"(6878210859, 770699786)",-1.4619867619176117
"(6878210859, 770612777)",1.102420157019442
"(770612777, 6878210859)",-1.102420157019442
"(6878107186, 6876426587)",-2.087283596109519
"(6876426587, 6878107186)",2.087283596109519
"(6876205962, 6876426617)",-0.8925945540284885
"(6876426617, 6876205962)",0.8925945540284885
"(6876238667, 33851096)",-1.275359004403965
"(33851096, 6876238667)",1.275359004403965
"(33851096, 595898832)",0.8936395477237267
"(595898832, 33851096)",-0.8936395477237267
"(595898832, 595898768)",0.23250095162063444
"(595898768, 595898832)",-0.23250095162063444
"(595898768, 595906998)",-0.6258193310395196
"(595906998, 595898768)",0.6258193310395196
"(595906998, 596664547)",-0.4750333354370651
"(596664547, 595906998)",0.4750333354370651
"(596664547, 596664616)",-0.3590441080505539
"(596664616, 596664547)",0.3590441080505539
"(596664616, 598037551)",1.972339362418246
"(598037551, 596664616)",-1.972339362418246
"(818507698, 598045652)",-0.5678247173462657
"(598045652, 818507698)",0.5678247173462657
"(598045652, 667201863)",-1.5189363819156307
"(667201863, 598045652)",1.5189363819156307
"(667201863, 667204229)",0.5340729428255536
"(667204229, 667201863)",-0.5340729428255536
"(667204229, 667204242)",-0.6838139447327768
"(667204242, 667204229)",0.6838139447327768
"(667204242, 187847260)",1.1488158479740458
"(187847260, 667204242)",-1.1488158479740458
"(187847260, 187851453)",-0.2894505716186501
"(187851453, 187847260)",0.2894505716186501
"(187851453, 187850368)",1.3807943027470573
"(187850368, 187851453)",-1.3807943027470573
"(187850368, 187850378)",0.1745063379273806
"(187850378, 187850368)",-0.1745063379273806
"(187850378, 187852962)",0.29049556531388826
"(187852962, 187850378)",-0.29049556531388826
"(187852962, 187849407)",0.4528804836550029
"(187849407, 187852962)",-0.4528804836550029
"(34397118, 34547289)",-0.8693967085511884
"(34547289, 34397118)",0.8693967085511884
"(33362845, 33362856)",1.5431792210881692
"(33362856, 33362845)",-1.5431792210881692
"(469362905, 188042804)",-0.8925945540284921
"(188042804, 469362905)",0.8925945540284921
"(469457243, 469327811)",0.05851711054087293
"(469327811, 469457243)",-0.05851711054087293
"(469327811, 469457278)",0.7080567839053151
"(469457278, 469327811)",-0.7080567839053151
"(770612777, 6878107186)",-0.13866457601618878
"(6878107186, 770612777)",0.13866457601618878
"(6876426587, 6876426598)",0.25569879709793464
"(6876426598, 6876426587)",-0.25569879709793464
"(6876426598, 6876426617)",-3.270373715451896
"(6876426617, 6876426598)",3.270373715451896
"(6876426617, 6876238667)",1.5431792210881723
"(6876238667, 6876426617)",-1.5431792210881723
"(598037551, 818507698)",0.39488586996174585
"(818507698, 598037551)",-0.39488586996174585
"(6959929331, 6959929340)",0.6152654019961111
"(6959929340, 6959929331)",-0.6152654019961111
"(230906689, 1707473425)",0.04691818780221954
"(1707473425, 230906689)",-0.04691818780221954
"(1707473425, 6959929331)",-0.011076425891027716
"(6959929331, 1707473425)",0.011076425891027716
"(6959929331, 917593625)",-0.08066996232293495
"(917593625, 6959929331)",0.08066996232293495
"(917593625, 230905276)",0.8124470885531727
"(230905276, 917593625)",-0.8124470885531727
"(6959929340, 2128437429)",-2.0176900596776184
"(2128437429, 6959929340)",2.0176900596776184
"(2128437428, 230894730)",-0.161862421493489
"(230894730, 2128437428)",0.161862421493489
"(230894730, 2128437427)",-0.08066996232293495
"(2128437427, 230894730)",0.08066996232293495
"(2128437426, 2128437447)",0.9400352386783272
"(2128437447, 2128437426)",-0.9400352386783272
"(2128437447, 828740001)",-0.5214290263916654
"(828740001, 2128437447)",0.5214290263916654
"(828740001, 2128437446)",-0.9969848586763428
"(2128437446, 828740001)",0.9969848586763428
"(2128437446, 4727123508)",0.673260015689365
"(4727123508, 2128437446)",-0.673260015689365
"(4727123508, 2986859673)",0.6384632474734112
"(2986859673, 4727123508)",-0.6384632474734112
"(4727123520, 299212981)",-0.5794236400849193
"(299212981, 4727123520)",0.5794236400849193
"(299212981, 3734543697)",0.5804686337801573
"(3734543697, 299212981)",-0.5804686337801573
"(666476537, 832008819)",0.186105260666034
"(832008819, 666476537)",-0.186105260666034
"(832008819, 832008722)",0.5572707883028506
"(832008722, 832008819)",-0.5572707883028506
"(832008722, 3734543740)",-0.10386780780023518
"(3734543740, 832008722)",0.10386780780023518
"(3734543740, 832008791)",0.05851711054087293
"(832008791, 3734543740)",-0.05851711054087293
"(832008791, 832008734)",-0.6606160992554732
"(832008734, 832008791)",0.6606160992554732
"(832008734, 230899567)",0.04691818780221954
"(230899567, 832008734)",-0.04691818780221954
"(230899567, 230899572)",0.15130849245008038
"(230899572, 230899567)",-0.15130849245008038
"(230899572, 230899584)",-1.0201827041536495
"(230899584, 230899572)",1.0201827041536495
"(186293980, 186265357)",1.4387889164403111
"(186265357, 186293980)",-1.4387889164403111
"(186293980, 186293982)",0.2672977198365881
"(186293982, 186293980)",-0.2672977198365881
"(186293982, 186293984)",-0.9969848586763492
"(186293984, 186293982)",0.9969848586763492
"(186293984, 186293988)",-0.19665918970944266
"(186293988, 186293984)",0.19665918970944266
"(186293988, 186290899)",-0.08066996232293495
"(186290899, 186293988)",0.08066996232293495
"(186290899, 186293990)",-0.05747211684563474
"(186293990, 186290899)",0.05747211684563474
"(186293990, 186293992)",-0.022675348629687717
"(186293992, 186293990)",0.022675348629687717
"(186293992, 186293994)",0.5340729428255504
"(186293994, 186293992)",-0.5340729428255504
"(186293994, 186163959)",0.6964578611666651
"(186163959, 186293994)",-0.6964578611666651
"(186163959, 186202167)",-0.985385935937696
"(186202167, 186163959)",0.985385935937696
"(186202167, 2472818951)",-0.8809956312898352
"(2472818951, 186202167)",0.8809956312898352
"(2472818951, 186349076)",-0.30104949435729683
"(186349076, 2472818951)",0.30104949435729683
"(186345575, 807545061)",0.04691818780221954
"(807545061, 186345575)",-0.04691818780221954
"(807545061, 807545322)",1.450387839178965
"(807545322, 807545061)",-1.450387839178965
"(807545322, 807330346)",-0.022675348629687717
"(807330346, 807545322)",0.022675348629687717
"(806026631, 803064927)",-0.19665918970944266
"(803064927, 806026631)",0.19665918970944266
"(803064906, 802835253)",0.05851711054087293
"(802835253, 803064906)",-0.05851711054087293
"(802835253, 780623081)",-0.4402365672211113
"(780623081, 802835253)",0.4402365672211113
"(780623081, 778790392)",0.1745063379273806
"(778790392, 780623081)",-0.1745063379273806
"(778790392, 778746669)",0.1629074151887338
"(778746669, 778790392)",-0.1629074151887338
"(778746669, 778746685)",0.6848589384280116
"(778746685, 778746669)",-0.6848589384280116
"(778746685, 778722436)",-0.19665918970944266
"(778722436, 778746685)",0.19665918970944266
"(778722436, 778715358)",0.4644794063936497
"(778715358, 778722436)",-0.4644794063936497
"(778715358, 778776807)",0.15130849245007374
"(778776807, 778715358)",-0.15130849245007374
"(778776807, 34540964)",0.3716880244844423
"(34540964, 778776807)",-0.3716880244844423
"(34540964, 559835767)",1.693965216690627
"(559835767, 34540964)",-1.693965216690627
"(559835767, 773430469)",-1.6117277638248415
"(773430469, 559835767)",1.6117277638248415
"(773430469, 775415479)",-0.13866457601618878
"(775415479, 773430469)",0.13866457601618878
"(775415479, 772290347)",-1.994492214200312
"(772290347, 775415479)",1.994492214200312
"(772290347, 395758252)",1.0328266205875345
"(395758252, 772290347)",-1.0328266205875345
"(395758252, 772290407)",1.1952115389286495
"(772290407, 395758252)",-1.1952115389286495
"(34188059, 473242645)",-1.530535304654287
"(473242645, 34188059)",1.530535304654287
"(473242645, 502652767)",-0.161862421493489
"(502652767, 473242645)",0.161862421493489
"(502652767, 33379118)",-0.10386780780023518
"(33379118, 502652767)",0.10386780780023518
"(33379118, 500963600)",0.11651172423412676
"(500963600, 33379118)",-0.11651172423412676
"(500963600, 500963612)",1.102420157019442
"(500963612, 500963600)",-1.102420157019442
"(500963612, 501166874)",0.10491280149547996
"(501166874, 500963612)",-0.10491280149547996
"(501166874, 501166914)",-0.8925945540284885
"(501166914, 501166874)",0.8925945540284885
"(501166914, 33351763)",1.0676233888034885
"(33351763, 501166914)",-1.0676233888034885
"(186788452, 186788451)",0.05851711054087293
"(186788451, 186788452)",-0.05851711054087293
"(186788452, 1286779866)",-0.011076425891027716
"(1286779866, 186788452)",0.011076425891027716
"(1286779866, 1286779873)",-0.23145595792539625
"(1286779873, 1286779866)",0.23145595792539625
"(1286779873, 1286779880)",0.9980298523715876
"(1286779880, 1286779873)",-0.9980298523715876
"(1286779880, 186761968)",-0.08066996232293495
"(186761968, 1286779880)",0.08066996232293495
"(186761968, 186788452)",-0.034274271368334525
"(186788452, 186761968)",0.034274271368334525
"(186761969, 186762023)",-0.20825811244809606
"(186762023, 186761969)",0.20825811244809606
"(186762023, 186805714)",1.1836126161899958
"(186805714, 186762023)",-1.1836126161899958
"(1223832518, 1707473448)",0.0005224968476190945
"(1707473448, 1223832518)",-0.0005224968476190945
"(1707473448, 1707473496)",0.08171495601817973
"(1707473496, 1707473448)",-0.08171495601817973
"(1707473496, 2128437435)",-0.6490171765168198
"(2128437435, 1707473496)",0.6490171765168198
"(2128437435, 917593625)",1.0560244660648417
"(917593625, 2128437435)",-1.0560244660648417
"(917593625, 6959929340)",-0.08066996232293495
"(6959929340, 917593625)",0.08066996232293495
"(2128437427, 2128437426)",-0.09226888506158176
"(2128437426, 2128437427)",0.09226888506158176
"(3734543697, 666476537)",0.4992761746096033
"(666476537, 3734543697)",-0.4992761746096033
"(188058735, 188038055)",1.6011738347814233
"(188038055, 188058735)",-1.6011738347814233
"(34500055, 34547289)",-0.05747211684563474
"(34547289, 34500055)",0.05747211684563474
"(187846887, 187846921)",1.9607404396796029
"(187846921, 187846887)",-1.9607404396796029
"(187846921, 187852547)",1.1372169252353892
"(187852547, 187846921)",-1.1372169252353892
"(187852547, 697207123)",-1.994492214200312
"(697207123, 187852547)",1.994492214200312
"(697207123, 187849883)",-0.6954128674714269
"(187849883, 697207123)",0.6954128674714269
"(187849883, 877830841)",0.09331387875682652
"(877830841, 187849883)",-0.09331387875682652
"(877830841, 877830871)",0.4180837154390494
"(877830871, 877830841)",-0.4180837154390494
"(877830871, 902014822)",0.6036664792574575
"(902014822, 877830871)",-0.6036664792574575
"(902014822, 902014909)",0.5456718655642037
"(902014909, 902014822)",-0.5456718655642037
"(902014909, 187852855)",-0.05747211684563474
"(187852855, 902014909)",0.05747211684563474
"(187852855, 187853251)",-1.147770854278804
"(187853251, 187852855)",1.147770854278804
"(187853251, 187846078)",-0.2894505716186501
"(187846078, 187853251)",0.2894505716186501
"(187846078, 944511281)",1.543179221088166
"(944511281, 187846078)",-1.543179221088166
"(944511281, 944511371)",-0.05747211684563474
"(944511371, 944511281)",0.05747211684563474
"(944511371, 944511379)",-0.9969848586763428
"(944511379, 944511371)",0.9969848586763428
"(944511379, 945523342)",-2.087283596109519
"(945523342, 944511379)",2.087283596109519
"(945523342, 954734870)",-0.7418085584260307
"(954734870, 945523342)",0.7418085584260307
"(954734870, 1894068489)",-0.1270656532775387
"(1894068489, 954734870)",0.1270656532775387
"(956548056, 961069980)",-0.7302096356873806
"(961069980, 956548056)",0.7302096356873806
"(961086633, 1332535108)",-1.1013751633242037
"(1332535108, 961086633)",1.1013751633242037
"(1332535108, 961118221)",-0.04587319410698463
"(961118221, 1332535108)",0.04587319410698463
"(961118221, 1068314151)",-0.27785164888
"(1068314151, 961118221)",0.27785164888
"(1068314145, 187871774)",0.07011603327952633
"(187871774, 1068314145)",-0.07011603327952633
"(187871774, 187847654)",3.0858359453287223
